Year 95% Lower CI Estimate 95% Upper
1 1 291.690476858624 301.058103503552 310.42573014848
2 2 313.515480103915 324.284359174695 335.053238245475
3 3 327.108290821025 338.935506088193 350.762721355361
4 4 336.868081199329 349.674912245966 362.481743292602
5 5 344.391341890207 358.152220126632 371.913098363056
6 6 350.454236796363 365.151697741293 379.849158686223
7 7 355.494271063038 371.109339790017 386.724408516996
8 8 359.781887793289 376.292923411795 392.8039590303
9 9 363.495362929551 380.878797033957 398.262231138364
10 10 366.758000227866 384.989279660284 403.220559092702
11 11 369.658351184987 388.712692519533 407.767033854078
12 12 372.261974309762 392.114888591548 411.967802873335
13 13 374.61864437343 395.24627477133 415.873905169229
14 14 376.766964858686 398.146289030213 419.525613201741
15 15 378.737425378959 400.846365035296 422.955304691633
16 16 380.554490015362 403.371958752504 426.189427489646
17 17 382.238060985234 405.743972029574 429.249883073914
18 18 383.804527779838 407.979776384235 432.155024988633
19 19 385.267534164762 410.093964555022 434.920394945281
20 20 386.638548822618 412.098912284209 437.5592757458
21 21 387.927296603481 414.00520505606 440.083113508639
22 22 389.142089052181 415.821966947893 442.501844843605
23 23 390.290080982519 417.557117347628 444.824153712737
24 24 391.377471962344 419.217573719607 447.057675476871
25 25 392.409666217598 420.809413470274 449.209160722949
26 26 393.391400770963 422.338004425254 451.284608079545
27 27 394.326849043925 423.808110945659 453.289372847393
28 28 395.219705312039 425.223980942206 455.228256572373
29 29 396.073254077909 426.589417767802 457.105581457696
30 30 396.89042745944 427.907840034262 458.925252609085
31 31 397.6738529772 429.182331706642 460.690810436084
32 32 398.425893592138 430.415684310581 462.405475029023
33 33 399.148681443635 431.610432696297 464.07218394896
34 34 399.844146432546 432.768885503841 465.693624575135
35 35 400.514040559656 433.893151243906 467.272261928156
36 36 401.159958748711 434.985160729688 468.810362710664
37 37 401.783356741883 436.046686455286 470.310016168689
38 38 402.385566544537 437.079359405849 471.77315226716
39 39 402.967809808427 438.084683697051 473.201557585675
40 40 403.531209472566 439.064049371543 474.596889270521
41 41 404.076799925127 440.018743623751 475.960687322374
42 42 404.605535904632 440.949960678921 477.29438545321
43 43 405.118300322236 441.858810515345 478.599320708455
44 44 405.61591115719 442.746326588469 479.876742019748
45 45 406.099127553248 443.613472690757 481.127817828266
46 46 406.568655223829 444.46114906074 482.353642897651
47 47 407.025151257207 445.290197837642 483.555244418076
48 48 407.469228399338 446.101407943888 484.733587488439
49 49 407.901458880515 446.895519465971 485.889580051427
50 50 408.322377842526 447.673227594203 487.02407734588
51 51 408.732486414959 448.435186173578 488.137885932196
52 52 409.132254482595 449.182010910865 489.231767339136
53 53 409.522123180082 449.914282277084 490.306441374087
54 54 409.902507145316 450.632548139397 491.362589133478
55 55 410.273796558758 451.337326152112 492.400855745467
56 56 410.636358992485 452.029105932763 493.421852873041
57 57 410.990541089716 452.708351046002 494.426161002288
58 58 411.33667009299 453.375500815318 495.414331537645
59 59 411.675055236953 454.030971980178 496.386888723403
60 60 412.005989019792 454.67516021415 497.344331408509
61 61 412.329748365687 455.308441517743 498.287134669799
62 62 412.646595689228 455.931173498173 499.215751307119
63 63 412.956779871459 456.543696546875 500.130613222292
64 64 413.260537156171 457.14633492441 501.032132692648
65 65 413.55809197406 457.739397761347 501.920703548635
66 66 413.849657701551 458.323179982833 502.796702264114
67 67 414.13543736038 458.897963163682 503.660488966983
68 68 414.41562426333 459.464016320187 504.512408377044
69 69 414.690402611003 460.021596644164 505.352790677324
70 70 414.959948043969 460.570950184214 506.181952324459
71 71 415.224428154216 461.112312478696 507.000196803177
72 72 415.484002959408 461.645909144442 507.807815329477
73 73 415.738825343144 462.17195642489 508.605087506636
74 74 415.989041464058 462.690661700925 509.392281937792
75 75 416.234791136366 463.202223967449 510.169656798533
