a b c t.star c.star slr
27.0909639031856 2.40598087367837 0.00461045183513204 2048.2344594961 -0.189248051028699 263.074722562951
41.9839283401406 2.54501000790696 0.00441633594518103 2097.40907128761 21.7040292010643 341.64894483864
34.5589461865743 2.70679081515405 0.00709442189110568 2092.5562409542 5.52180340979248 361.443008833897
21.6699594379032 2.06900533467164 0.00241958706491478 2032.30596676609 2.62369952630252 401.446445850896
19.8208271533451 1.82485746648481 0.000142861905740076 2080.11555578886 14.9325276515447 480.410793007166
35.5389105824399 2.47639209515245 0.00440467902674753 2090.13408827758 20.9032397624105 484.701480910917
31.1967811899623 2.11679810134352 0.00152315834854946 2085.46024951758 16.8476753309369 467.302914094867
49.6666098530244 2.79395235923487 0.00693951140834554 2087.64842666523 12.4770370218903 482.082853558474
41.6207669958584 2.37979425673662 0.00318678415243842 2070.27435098565 6.76859619794413 461.48782964067
18.319373856552 1.4669074728595 -0.00290489081837859 2088.90676426981 30.2924265526235 462.397540145127
40.0621210007758 2.59448460461439 0.0046806438229896 2037.02358397515 2.4322888138704 445.389799457245
39.0238917631173 2.39377536090197 0.00330380776413844 2055.31481940905 3.99867431493476 441.185674326434
22.3857779717613 2.13458704979637 0.0029401587759484 2088.57076808251 18.0273414961994 440.07848322705
29.3193423395339 2.27626047315918 0.00325250329765488 2091.38108141441 22.5341787352227 444.613822311543
65.0965345592358 2.69908094537295 0.00367421252240454 2089.86362191127 17.7284588827752 475.329944360496
19.0432796335192 1.6812023143047 -0.00159345925767107 2024.47061748197 4.23158939462155 476.57535067237
30.9717514140919 2.05054959975358 0.000945859465826474 2091.51860134513 28.0413140333258 449.505539359147
36.3645340328057 2.5608952868772 0.00616333799110491 2070.19649163866 5.73523221770301 470.162935979969
42.2619315879642 2.66778847006657 0.00475258612246755 2092.25703242514 19.4169678399339 450.391902250583
15.7054600026085 1.80437688550618 0.00152808099387251 2067.76554528065 8.65393554791808 470.089149071262
20.6290379267104 1.6610915886564 -0.0015961392438964 2091.00676594907 33.0333536397666 452.012864927788
57.4917746774964 2.75927307975441 0.00520697143898587 2057.29882328282 3.79809616366401 474.559283521798
4.21396076893793 1.16296430396374 -0.00464651154322648 2044.61569977412 8.00720614148304 527.244358504195
48.9352450213616 2.90116528724326 0.0074657719281794 2094.95565881697 29.3398255039938 490.37702231443
9.88368827826345 1.39927131099804 -0.00274515701901628 2087.46282829903 30.4288094653748 502.202240890175
25.561836192025 1.92345180654638 -4.78812025771899e-05 2048.31684612832 5.77610162086785 490.537161086369
5.6838329207422 1.25219173022769 -0.00337514861716004 2051.2782839993 8.30098284874111 506.031261585683
27.4468372905934 2.24011188939873 0.00279264047201044 2072.79645890393 9.08808943582699 490.787886696199
51.4019963812332 3.00813521477831 0.00817421552583358 2080.99557252461 8.53003311436623 520.141425843306
48.1905186320477 2.40041961074536 0.00324715505482138 2028.26939977612 3.61139400862157 521.819506341623
38.9217324754851 2.73597974373153 0.00593923034597289 2083.90253657242 12.9503822675906 523.640891720647
28.0384239004596 2.04896268469663 0.00148423239847892 2040.77484898362 5.21868692245334 524.363416348506
37.9563982031253 2.0901907263761 0.00129031098691176 2079.34325351682 14.6446796040982 520.562683455174
20.975421868951 1.9584588576729 0.00138877240193468 2084.1693681262 17.9497423372231 489.723055751033
47.8800444176357 2.753903616152 0.005885984234341 2080.91949509759 10.5619609495625 518.119798932732
30.5380602023305 1.91264407703579 -2.84006733980699e-05 2059.44209955749 7.86518113687634 510.060836501523
24.6700169981824 1.61973940890167 -0.00169498366371901 2034.32287614862 5.2672122977674 496.044409676093
-0.680717384787002 0.799435850467751 -0.00721875464918922 2067.18441041349 14.6230742475018 509.277105501469
13.3917608118705 1.97871777159845 0.00187452945619672 2074.82180039096 11.2233192217536 493.576454994545
51.803937239012 2.94261415663184 0.00666880858270422 2069.43592873216 5.45589073095471 507.697308872579
22.442635233989 1.8740769335509 0.00057536742719296 2064.69105661451 10.1269528991543 549.007271929215
41.8643788316853 2.89924840254993 0.00788224698737578 2086.13191297301 13.5420519649051 532.902924339936
30.176617231943 2.21697809364356 0.00329347105889894 2070.88134795777 10.2995334099978 544.660636339742
46.7874843708786 2.68435252741373 0.00571877347557777 2079.53193323361 11.8489160342142 550.991071568092
30.3937858350481 2.44533769547037 0.00457747445394517 2091.69912354369 33.8272309536114 557.371755729743
39.9271475719324 2.11794567204251 0.00101608344688809 2041.36780365882 5.61605202034116 548.188616051366
16.1875386933614 1.78161116374841 -0.000464743499132914 2045.50553035247 6.55217510880902 531.965219473197
10.8418222679596 1.65780498028765 -0.00126903172226096 2052.98968377057 8.1602096115239 540.511310309073
29.6536580910291 1.69993935486004 -0.00260033024387665 2084.70203044754 27.0214789337479 565.165385769659
31.4382365043779 2.02429464788951 0.000870661500389081 2053.21489956067 7.2987282439135 549.995829262547
17.1912808283327 1.9603752704576 0.00141559654939967 2088.02993792342 28.5501917963848 547.694270992542
38.5171607430718 2.91245172049625 0.00838346544072202 2051.19416416436 3.84171247947961 537.427418735873
34.2982042722369 2.37340391469488 0.00391180381174671 2087.18646714534 24.0733231091872 573.187334732208
31.0059305557705 1.7185897383358 -0.00122706222385286 2080.71137473173 20.5246627121232 559.162066078299
26.5693193608358 2.13490147592934 0.0030653741567814 2083.11740359385 18.7868022732437 552.1177672318
1.26428954600685 0.908373964006894 -0.00746318358310363 2065.89212473854 14.7117679263465 540.382256626277
34.6652055965462 2.0204406294884 0.000621639012222547 2041.09653837932 5.67712451098487 540.797821783001
28.7937691441443 2.18957055591891 0.00281931104728089 2026.05451417784 4.30339029058814 556.908518642754
37.851823963701 2.710239516556 0.00656343448085566 2069.91933600628 8.71706443373114 579.183079264279
34.260816965044 2.20480175607838 0.0024187438075388 2086.81139431428 26.8950720690191 592.11988266788
43.3082582504023 2.58062580423331 0.00545404465662361 2087.68414840824 25.8521578647196 614.632232608342
35.8731793360078 2.187145103723 0.00217027975832791 2079.59880423988 16.9529109285213 579.766123237199
35.0559938528081 2.10949107817219 0.00133922984119096 2083.85124085052 24.2405461287126 611.77845779001
49.5424033336287 2.59346072622258 0.00388805209680641 2090.21684817388 32.5579456659034 605.081762896092
24.417715985694 1.77261309428466 -0.00129212104216912 2067.79218041711 14.0985667612404 622.300556756704
22.1213723379699 1.95545654195071 0.00113211043477698 2073.85002337629 14.9840723746456 595.303569563475
18.1203606497831 1.7999541887737 -0.000417182492356813 2053.54406134551 9.20657261973247 604.775114271235
29.6181969243356 2.13865184265459 0.00103721532455608 2033.744537374 5.94189511844888 614.808701485326
38.8154181134577 2.21506146877742 0.00223632736186297 2086.77802227205 26.8206734349951 591.782785216998
30.3994640764994 2.32659908816584 0.00335949464757053 2081.7215853266 17.8683020896278 582.780606453461
38.2907853235586 2.23883497782866 0.00288752211163232 2068.59516440355 11.3510641641915 600.574456485456
25.0524453270724 1.64650950707775 -0.00191441539017316 2067.41236439906 13.3900637878105 587.600562367066
27.3116078836411 1.90813671599755 -0.00046674763640773 2083.89496206562 24.364454196766 579.936897234273
61.0410938548973 2.82129100250363 0.00590652467459694 2079.30637530377 13.6638970137574 606.230329663156
39.8204411074555 1.77697223845717 -0.00156456183661034 2019.21155831963 5.47913962742314 609.396443238133
44.7514639474047 2.78513908674675 0.00670844004221073 2041.22153625661 4.6633335086517 599.57656853179
47.7343594837638 2.74896043981869 0.00621960609761871 2062.70265364135 8.81788525963202 647.317007344558
8.82347779484373 1.23028053787562 -0.00321880536445796 2021.11497565429 6.74548091134056 632.613842150997
52.5133358718412 2.94157414147231 0.00834759074226614 2038.7570835161 4.55525412922725 631.567597542289
25.8036203166966 2.22062051942995 0.00314349106775509 2077.83993391087 17.7866727951914 638.220334064403
32.7707308515796 1.77539326114461 -0.000928284853693933 2034.7874097256 7.55862072343007 663.958568415244
29.4174358899181 1.77582643127122 -0.000803957208907183 2063.88406519382 13.1543051241897 647.034968950572
34.5234457077135 1.96710244997978 0.00052808345844648 2016.13294076803 5.47688382444903 659.736969318781
22.2900130933512 1.75202228801272 -0.000856453630883144 2071.05105237779 16.541022460442 648.052246210192
18.261737324802 1.85984348188351 0.00102158403446683 2064.61668248847 13.0665443860926 655.473125221216
19.0917915445326 1.77411930086024 0.000180281756611395 2083.91099161608 27.861954390537 626.94512016401
37.36139692616 2.71042733173586 0.00701429938418969 2020.74093896104 4.36215402092785 665.883060668978
17.5385511889713 1.84203482020173 0.000802532379271328 2076.84673363529 19.5041230903007 641.405365794867
27.5319900967996 2.37200012970517 0.00374937074723384 2041.00956067978 6.51429858058691 647.726943333035
50.455611329434 2.88487239204962 0.00703847659227125 2062.81939961202 8.18067458691075 641.918968070857
58.0113460023828 3.15160774511311 0.0089123082236317 2073.4931122784 9.53124525491148 630.190579895669
56.2155242179481 2.81609891940055 0.00566420591933017 2036.31831280701 5.32263625878841 660.213790649604
30.4835858627647 1.93200397824048 0.00126277608985576 2079.20897764526 21.9923758436926 659.283808253027
64.5319830501154 2.91985346482809 0.00575885090640016 2067.57680153311 9.85555090242997 651.845785737611
35.3352495429451 2.02425904799041 0.000166247749861151 2071.62947588437 16.9512876565568 684.506554299355
22.6100082343556 1.74192113399255 -0.0010125904122405 2075.82404091815 22.1927754138596 703.635610831833
41.4444088824065 2.10285777341953 0.000839078553487344 2076.10142281326 19.9701848113909 693.418330364947
2.70701981492213 1.31051786387354 -0.00270169059746481 2056.40894504404 13.6222213529982 705.946951825937
55.3270292472597 2.92329052080113 0.00686570605988587 2036.45540762739 5.4915952635929 689.350176999666
23.6190164447337 1.61004870724749 -0.00214507442391703 2066.93816574221 16.0989634250291 678.250610237937
17.4789690219056 1.44343480140495 -0.00294008861799732 2053.99616274005 12.6489385520108 705.662570472352
37.824824635647 2.41427868596058 0.00345324988587882 2075.02240534895 16.8674606853165 686.90921358755
26.1595862593557 1.68579432920362 -0.00196615727955952 2060.18313685502 13.0178176821209 673.144997058766
27.623920148949 2.15483165549655 0.00304115905872954 2057.54421006632 10.6499118637294 688.921699859458
43.5084470236031 2.66488777139825 0.00512323039437123 2073.28107874235 13.8134189671837 671.431043583514
44.8318706565238 2.66503704304554 0.00562731066312487 2055.69684747211 8.71079202275723 691.810426569395
54.1568256900357 2.61402532534782 0.00409777703526097 2078.54400036833 18.2732892595232 682.158659403292
30.5507564639947 2.11106632824363 0.00252340465535684 2026.71782748401 6.39171555172652 697.16926714661
35.8528783174249 2.34277339409326 0.00324940691890666 2024.24338988285 5.7342735840939 691.432316056971
8.32398965398095 1.78493609740806 0.000275568133752477 2074.63065422606 20.8205200987868 708.625560256521
36.797733811507 1.95197057594693 -0.000388072674098526 2079.56947765662 25.3767042211257 710.939871466972
30.0469744699387 2.63243134613236 0.00715463599555422 2030.17585736979 5.09332092711702 668.962353458578
30.5413322907528 2.1804104483521 0.00258333291644065 2081.98138953606 26.6460977634415 716.250031233898
34.005087044745 2.25340525111703 0.00260021751110251 2066.74840910686 14.1840381687507 715.183882089376
5.80665025113045 1.10444697334393 -0.00535568772782634 2054.73581705615 15.033585743513 753.437858636045
11.6695431523494 1.45693151101782 -0.00252835955092482 2044.8431977944 11.038004423026 736.815660950709
7.52966751498924 1.43178086190842 -0.00230871467599813 2064.55153165082 16.8040022742935 722.69322621862
23.189807514769 2.25939311972568 0.00366797854279171 2057.4570791903 11.7995148780756 753.600988823012
39.8423525753463 2.30355955476438 0.00302395642309333 2082.62707256433 28.8039458589628 751.932511706929
24.8960295007017 2.18078385859447 0.00278160821556634 2082.98611161765 28.7196442508139 726.182465032641
38.0848098433362 2.69291357001542 0.00690806017166486 2054.29266309971 9.33176832273602 744.178056805947
27.1133831826248 1.86968277765977 -0.000826070166610481 2062.67939966032 14.3918041745201 718.296558363865
18.0123038861079 2.04892349084703 0.00322669375728704 2022.70191592467 6.41246006358415 723.150082510335
60.2458592532293 3.12296997392029 0.00754234523337178 2051.50314944377 7.60695275617763 734.006665030267
29.7031078431229 1.81340067917963 0.000102730314124475 2024.83767836634 7.17441648244858 721.304979304461
39.2521408259195 2.48691589104681 0.00355921778393405 2075.64747403818 19.3295071623288 744.328438591982
34.9941855507775 2.38193767982596 0.00348677871256014 2046.96928421501 9.24355950206518 752.793795766173
41.3207223281208 2.5201783787154 0.00419331674443805 2083.60362432548 27.620204819832 734.242309515802
51.5901954790443 2.4217885176484 0.00250594944463574 2070.35157062602 16.0146858450025 734.530780099289
36.2351104293253 2.28929652081229 0.00313246302727282 2083.25114013581 29.6958114858717 748.227878402524
43.7761539695445 2.72750654098181 0.0059353870963514 2060.18401461514 11.2329167686403 761.548013662204
11.6428148258319 1.68710953213367 0.000305146151125588 2051.75071959314 13.038817003835 799.960514063024
33.4213637670767 2.33895315486511 0.00374414498496559 2021.64103541011 6.7136392602697 786.178151446039
3.10663178082628 1.40074679089225 -0.00252466928219375 2075.79286156665 28.0100974976085 800.44630177022
35.5258380615721 2.17402218517165 0.00144873649229436 2041.01122614252 9.12154400954023 765.612070773011
48.8886416528122 2.69554417788847 0.00573416154782593 2042.72200489836 8.5556269180961 799.742705329812
32.1990917284696 2.42516557848742 0.00439155389962088 2073.73028006172 19.8909002961591 795.785815246477
55.3117797103266 2.8335516016091 0.00644598938547996 2044.18960307213 7.89657486835495 769.188063632838
34.6133875518012 2.30705821595892 0.00331741053639038 2042.86419354146 9.09612418850884 773.642086508079
37.7110780496468 2.31441119524669 0.00347054399562071 2050.11963117379 10.5507093854249 782.008203017186
43.3552756057314 2.43273241728791 0.00366956519117454 2068.81441325252 16.6359455813654 787.761922121048
32.9246055450655 2.03983883424156 0.00103350533135077 2066.52275434346 16.7385869333521 771.580207454799
32.0746856037757 2.19655391966423 0.00215921937460723 2036.90358478623 8.56170205166563 774.982635177197
44.098342937082 2.55145732581563 0.00510901277889361 2078.15001150523 21.5143643924966 760.997436482092
30.0290835463025 2.34384567313175 0.00356938989265311 2048.76041056542 9.8113130335696 762.097948216024
46.6432648293106 2.65236455151818 0.00558819071690382 2076.30764643895 20.5259577743709 790.662038939824
18.1015567375527 1.81500497239131 7.38963635802485e-05 2075.26464615017 25.1786821894348 804.82138521223
35.203305676449 2.20297599162122 0.00282408820395287 2027.52332796203 7.6023139199242 791.056629293834
36.6562772068085 2.13451954850589 0.000986682092440681 2068.71451018867 19.3773885280825 826.589820863166
41.1559279985451 2.17951830782325 0.00100155761318669 2067.40400011744 17.9031561268494 808.534009082804
22.9398384218299 1.70242098657723 -0.00147579030375136 2028.52011335897 9.45807040203363 835.973366711684
41.6953017514731 2.41958726604439 0.00372608129915122 2048.81458818936 10.7654057699256 819.0730233408
44.021684727744 1.97593347243023 0.00025677957647553 2050.35748622054 12.4480754160322 817.344559646459
39.7805705718407 2.03633078231734 -0.000433344462798034 2075.00771410344 24.6062932675704 815.567183189827
19.1308295421949 1.72670005091094 -0.00111335836699115 2067.89425532543 20.9204256325029 836.542340362603
28.9829705095702 1.99613774891159 0.000853280817056434 2082.29412332922 34.0021376288496 807.624396009778
40.8624656385012 2.19233329036659 0.00170782607221459 2078.58486833982 28.1662793154828 834.372691460583
34.1796732845428 2.28875734245943 0.00308737279157579 2068.86685392307 19.312158182729 851.735585550633
24.8254996551285 2.4838536945878 0.00498070736181923 2016.71190743777 6.62603210890666 835.119896598442
26.3836450429375 1.90200578025275 -0.000340240523904126 2074.54012586572 25.874614357017 846.583319160579
47.486653694717 2.53114359196385 0.00413506153722287 2077.18071187986 24.6845923736691 845.344615459897
27.0793708842511 2.56828632816218 0.00679897769171882 2066.33916246076 16.0578250675462 844.94131749044
37.9341850836193 2.40147145520475 0.00464538939860841 2027.13592475536 7.60472499765456 826.776125754609
45.4388684166575 2.44637562838764 0.00326641316141981 2027.52266643522 7.63041924452409 820.534895793168
31.2021801018634 2.08954298754231 0.00123283560966313 2081.01716288715 32.3020035540685 830.767819907564
51.5947779118971 3.03024409184565 0.0083898815843844 2065.50555619039 13.548192139715 829.090932760502
38.6673433853859 2.43673718930669 0.0047129568410946 2042.02118983562 10.5749359959736 889.786623429345
36.5441206666484 1.97842507421448 0.000180915972403837 2057.16250025062 15.3426307276823 856.34885918021
28.4978074178969 1.84269330079331 0.000424956652283387 2042.28393059084 12.1198740578257 886.755518997035
26.7151735682188 1.86707166973661 -0.000440508913606441 2022.65420289966 9.04349558055401 883.099978829743
25.0068925203024 1.96370480790154 0.000414964804577548 2058.749475769 16.8016569712199 892.352392434453
47.4674526011696 2.58596202349028 0.00395015726105237 2074.14270157646 22.7660516183823 874.915893798534
24.7805054486546 1.98010485647531 0.000841306333554252 2041.46576292301 11.3858503196388 870.361691915319
25.9651162472391 2.11426739989609 0.00188164901573961 2074.97479858599 25.3799820109271 859.737444807269
24.8170039702297 1.85009139985924 0.000203730244082844 2029.98446639604 9.6933872345835 865.122931353688
47.3683945735565 2.48082487457168 0.00357020101768514 2070.81273307698 20.6378711992875 875.436949997506
25.3313336689196 1.73866699816906 -0.000419119226027907 2056.29578458844 16.2846310902387 882.63989030033
46.7570759992886 2.48139680870286 0.00364624594040815 2072.13318710378 20.9346290584654 857.04479347709
43.9606822839329 2.37433495626848 0.00272358684212619 2030.06838518684 8.7039519357495 865.180017644842
27.6860905551715 1.84593353388455 -0.00101278533106964 2066.3485219751 20.5446242378093 868.860827139398
49.629513740563 2.73136893984832 0.00582525133784117 2045.96997273224 10.3000369528309 870.424930770065
48.0264777092967 2.439033813779 0.00252549490262374 2049.01518143946 11.7642704886384 861.381042056576
33.5920098134245 2.03866762130999 0.000277855961192548 2068.23292211327 21.5645597572438 890.854803260805
37.7836910573875 2.64181167657409 0.00560034560365002 2073.99239099468 21.8807753548026 872.450237043884
33.8967972212199 2.50964142386736 0.00436596548765624 2049.38251386397 12.914000605233 935.200147396448
41.1481058174542 2.39181931740255 0.00399571598187353 2036.85246638185 10.0776612199843 903.531394294619
36.1418471141291 2.10837321564973 0.0018575571789283 2067.03978325543 21.4018025691621 929.24827322155
23.2158118777271 2.09209970397724 0.00287517836943954 2072.11384768132 24.2799895606004 906.411706166633
22.2939309518503 1.77903183963481 -0.000433538477952184 2074.5168209502 29.5665988605469 928.319347274723
38.4696982860423 2.4939868429289 0.00448599104871136 2075.69349901355 26.5556833264418 926.276364603915
32.6474012529034 1.99076852293925 0.00115973201961064 2054.49569513416 15.3054706891999 903.659780787741
39.5297017008717 2.35940303762677 0.00368144967610247 2070.66014681314 22.9838956752792 936.054576270166
18.9528464125742 1.95957789957044 0.00113955751859085 2052.66028979653 15.3522791247815 930.707137317042
33.7155983433837 2.09899948231189 0.00125814084726394 2056.35380813992 16.2751025427133 929.053182283833
27.2722244929191 2.1078869265272 0.00208121597997049 2015.52159739239 8.29473397694528 926.083080939907
22.9926832605778 2.03254037154596 0.00146686734027745 2042.14439445804 11.890073902905 901.429534127777
35.9854719991176 2.60810768984842 0.006210213402319 2055.60912548238 14.0982971782796 930.118003754144
46.665775370196 2.86525584584725 0.00765909933392082 2080.48592608934 30.2201616484672 929.857747922371
44.8627568582579 2.80785521591709 0.00827752579920454 2051.60952541605 11.6468397458084 902.324304889063
18.5487602239568 1.90454529482159 0.000579997372372636 2075.63893376524 30.4665393917821 936.71189515601
34.5620088774329 2.29190947051891 0.00322841394639485 2081.28802158171 34.6198294567876 899.595346316837
14.1889496837551 1.86510984382396 0.000751483388692984 2043.44598568743 13.1060657114722 932.971995931316
22.6026502992716 2.05436005757078 0.00224294258834331 2068.8595771282 24.5098569919355 984.383915131746
42.1450249046851 2.18351393536765 0.00118205625347139 2025.92291711271 9.89992852788419 959.983613449407
19.6892885813669 1.98909816993844 0.00164945470596391 2052.25474937074 15.4293468245305 947.134031118595
19.6892885813669 1.98909816993844 0.00164945470596391 2052.25474937074 15.4293468245305 947.134031118595
41.9351418317844 2.67154652816255 0.00548794078752572 2045.89813078428 12.1828679949977 964.686169266717
37.3553772464924 2.54673640411303 0.00447944754145816 2069.03534345794 21.7407499230467 959.224627535366
54.9815339342588 3.168234740395 0.00984199315810274 2063.46150711318 15.3370864363387 946.111449804852
14.7002965540632 1.76329380304679 -0.000690146497196907 2054.40628461819 17.6408265158534 975.809178087983
30.8144902833916 1.96014516730146 -0.000250687002878972 2052.8556896965 16.341730884742 964.679339436528
50.4064657523124 2.55703069896093 0.0049803160262991 2074.16574357217 26.2992350291461 969.986463678869
46.6903892097724 2.81776229631859 0.00703067223138147 2074.00344061013 24.0123328310438 955.228971783009
57.5884461222853 3.0768202008841 0.00873309252605606 2070.28703798563 20.6296894373372 981.782846390608
47.574588962435 2.94761340957205 0.00828500768121454 2058.55397685966 14.3625576072372 948.027289669663
34.0727488931981 2.09817306164295 0.00100316741894209 2045.83671331266 13.8755003828555 968.382183263798
38.4151215362523 2.54880421615861 0.00441464507372352 2079.67203178024 33.1089006643742 958.819617628542
32.2748248812494 1.92258557598504 0.000928716680424367 2065.36138628237 21.9919897406362 960.531611869465
37.3867035130614 2.2035221474443 0.00224012758095208 2018.5418070422 8.97273249225691 966.935682524062
45.0988881243069 2.20267571640054 0.00148206443961157 2031.76244445564 10.4842479829676 946.061476795911
25.0786579804275 2.22062287044873 0.00245343451322254 2077.09489556146 34.2664657300338 1024.11330492356
39.3693028431067 2.7747212952823 0.00755408558775545 2076.49765722873 28.1930007762276 992.952296636187
27.436752635158 2.36038568816448 0.00507664724598325 2060.21912744432 18.9508110424504 1025.45489844487
37.2086190456143 1.93494831752002 -7.78188378174789e-05 2057.02171738306 19.4096027081832 1027.14149056209
52.8673481822043 3.27593640062825 0.0103184152643863 2019.75655043637 7.59136597858742 1008.97993993534
53.0342997556401 2.90124324518154 0.00697102580653714 2037.2627853048 11.1077477131039 1035.79065822099
33.5745774324619 1.7890972816685 -0.0016901418114165 2065.87182141491 24.7316586924717 1011.12520004905
49.0140638461802 2.74965198799423 0.00678793692907257 2073.00733628077 26.3072541239671 1032.58362124739
24.0206639865957 2.04176625909223 0.00236799620377299 2075.53644259484 33.3456780668348 1036.50650893778
10.7501738364 1.67038838173607 -0.000743267945841642 2025.05923646688 11.0942519525997 993.247674709296
36.3080550934704 2.12797957016749 0.000944822281593003 2049.49587320862 15.6004154263064 1007.29707167623
28.4499824232512 1.90225432539438 -8.51528127866871e-05 2024.22176597151 10.979974179063 1021.67241581775
39.3107400020979 2.2093934716443 0.00168008869926196 2052.09197902563 15.842488608323 991.682244593017
51.7824409954216 2.38199361379925 0.00140428704580066 2074.26207916974 29.9263405171223 1018.2711536696
51.965934333153 2.63319171628905 0.00507420234699749 2020.04470089544 9.12942053051665 1028.78413722669
39.6321793649125 2.76975231425722 0.00705888473570256 2064.70281562442 19.4713673577644 1013.67186824731
34.76193301831 2.09988366662574 0.00177053170479969 2046.18213028903 14.7213081154041 1014.65153072602
33.8243167544524 2.33078870979433 0.00378086884288903 2050.96107445634 15.7455728645436 1031.69092822629
3.25932367643698 1.32589254259671 -0.0026741625861626 2060.41818051646 24.0717062400654 1066.67204721172
57.8812083085464 2.77640645197224 0.00539109498145231 2022.82848705212 9.58842758787796 1055.33177381516
33.9941742720574 2.34693786184467 0.00297717755711194 2038.34973203531 13.1540621770546 1066.48548712392
19.5950176731436 1.85638711459216 1.81553999887948e-05 2047.9797006615 17.0971292792819 1075.16358219647
32.3698177268905 2.16913959166571 0.00119918410906255 2056.07820130582 18.7360872072168 1048.23089856199
13.0371636984919 1.35194980380523 -0.00374030453199768 2072.01736309309 34.5666582253762 1076.27909486232
38.7678191947777 2.31182312599774 0.00241718673096682 2070.58857851895 28.229019374121 1078.35820652566
23.7463350098062 1.84253777138981 0.000194153414556999 2049.58976828121 16.9707674905658 1041.11317268607
31.3769298693494 2.26517953380664 0.00338915885278751 2053.40764753055 17.2586402762681 1054.36271624554
27.2316773364997 2.0056685318766 7.31116126416065e-05 2072.74362996663 31.1654193000868 1050.53483516446
43.1870758072775 2.481413504636 0.00402989068691205 2043.70018326864 13.5375701147132 1038.51330171832
56.1776415708352 3.00142859205129 0.00808908454752317 2071.68337448756 24.0979947987944 1039.14034535593
43.2461067592215 2.73678907832395 0.00613303408605059 2076.13944974635 30.5195513088256 1044.82343415789
21.7564444884848 2.10489716078445 0.00344686649827305 2042.1124377856 14.3068720027804 1062.80772472072
27.8652035939573 2.31462196523605 0.00427640567143722 2041.48199525825 13.8396095158532 1071.26337149637
23.4317859806561 1.83326008806255 0.000244350724908012 2050.8046639401 17.5937964371406 1050.56919217521
33.7406168644746 2.07973159435892 0.0011155314442226 2063.91168652824 23.2272375980392 1054.01371106651
39.9714692886676 2.48388668497736 0.00418342939910432 2041.83820798574 13.268522163853 1049.39370072208
50.8439260503356 2.58153410775145 0.00334890901884921 2052.5903854731 17.5817024335265 1115.13750900723
41.4644396583518 2.32086811389956 0.00384887394057112 2066.6342285315 25.0755710201338 1095.69470107378
32.5049838806971 2.14509629793876 0.00168875681302991 2051.41378673329 18.058041264303 1103.70277153156
37.7959313057736 2.2579796681842 0.0028055440054859 2057.83007891686 20.6771763297729 1117.39166890558
39.2023304646692 2.32590466798876 0.00161184233926233 2059.99783499888 21.0612706281245 1086.36978597316
40.8456999350366 2.49799730499208 0.00495065232929166 2020.47101405868 10.2882849774323 1102.67116813473
27.0490876338248 2.06264309516407 0.00186221568988107 2045.31606852799 16.198072922416 1105.07412901364
33.0486986311959 2.28337975887588 0.00280493764588653 2064.69207271421 23.7125215725973 1085.21252685671
27.7867435143383 1.92158261340265 0.000479712851887307 2058.20531683951 21.865612550173 1109.38259994806
46.6990825139539 2.61020486575442 0.00483690693679265 2021.98553496459 10.3838232834823 1104.96725361605
40.1394565865258 2.48267200524025 0.00380992473356222 2068.18336626654 26.7685342137702 1126.62132231995
31.3043681278283 1.94663115844326 -0.000224085893294257 2019.74229033128 11.2770693399943 1098.16627159452
35.7000364268688 2.24168403921037 0.00242679587965437 2069.6873030751 28.5756298480555 1107.36038210082
18.2502929769978 1.78281794263814 -0.000498597203381796 2067.24434460956 28.308459490072 1102.05375753126
68.8028867855045 2.91145179094565 0.00644321703615776 2043.4565909626 13.327951754909 1089.85552605627
51.6226476818113 2.49552570759925 0.00349707177461507 2049.91473499476 16.8704596720636 1118.99351661775
40.3595396634019 2.2126050525758 0.00125417228598431 2063.61335696117 23.684566586744 1091.84158118072
47.2797554041318 2.82187706638157 0.00735955075967652 2061.38592864969 20.4383823112585 1122.91371480778
21.209373948998 2.25441631789091 0.00295647098448524 2073.17271758872 33.1095003895462 1134.3748461272
16.1448615994875 1.75725321992221 -0.00044868329544569 2024.50521642808 12.9238331946544 1148.26652887415
36.6886494963693 2.42108068312061 0.00393334033000827 2023.29066384141 11.2393630342558 1131.80552782524
58.4110213850684 2.84028699131354 0.00620073847781823 2067.73129657656 25.1323250145651 1138.4214107126
13.7274497045285 1.83208256391774 0.000480361352824543 2060.47687881533 23.8736591441557 1130.1323093375
20.5223926543898 1.47331164247636 -0.00221781245084894 2059.39941746416 25.5877091805451 1170.68237557959
49.4129963702864 2.83598922705792 0.00644351832609929 2049.1962412477 16.3435333315283 1159.01647552362
37.4347928792 2.33691843177148 0.0032360033719717 2073.66526692128 33.9559488953091 1150.56471737364
58.7898867270519 3.2621076838424 0.00965440769989218 2068.88536231336 24.6471005282365 1160.67722524571
14.343615797483 1.79131464324717 0.000352776238050939 2067.84003739734 29.9048187583685 1143.33875089948
35.7254849753271 2.33760200348909 0.00292398721240327 2055.24004522548 19.6941561088897 1135.73764759196
41.6240440910516 2.331438504717 0.00250756303455984 2035.81140674301 14.0238277753815 1150.8665686936
48.3591689089436 2.5911220037306 0.00457609087557106 2023.61256990558 11.4792005880736 1168.0114689633
12.3923257128599 1.55179485734584 -0.00202310203389592 2045.0333013148 18.5906947380863 1162.88688751415
47.2366865325793 2.74556639168055 0.00634619932996629 2053.81045608106 18.0976803670637 1154.90363662323
33.7731928801867 2.47436742073408 0.00594061415385589 2067.08242947911 26.5362992673181 1162.53154364581
38.4194982208051 2.73287072938352 0.00625190684327258 2070.33841269952 28.7878088559955 1170.94252641283
15.7298161261509 1.69629177565497 -0.00118000793142842 2030.1215736703 14.0575590333901 1143.68922533564
23.6140679356342 1.86866400583554 -0.000445482833567363 2049.03975383239 19.6741512534209 1186.34761176173
37.4300048368861 2.23272202128658 0.0024966376043968 2055.46649776236 21.0671027447097 1178.94053258152
32.9494920226139 2.27453607619535 0.00290249383905197 2062.00591723411 25.2790792053565 1208.22649206662
19.3353178523371 1.68204605471366 -0.00127756677267759 2058.81506951712 25.3896564035676 1204.93287202775
38.4698016046494 2.45013206088927 0.00438754067116421 2054.94038338354 20.3106542606838 1190.91628500299
16.5387427411727 2.06619798453914 0.00165491150093352 2047.10987579846 18.8509636232629 1215.23398631357
63.0942763319712 3.04581699614574 0.0077132753828466 2073.81851593452 32.7820473490283 1216.85727759703
28.3761686381665 2.33881206543906 0.00345757387846514 2020.84273600904 11.9554358208552 1204.44381309154
38.8187766024176 2.44176255975418 0.00456167152668816 2055.84511553496 20.9521654085256 1201.24839956807
33.5718551746218 2.41398974084891 0.00399157519467306 2023.88685171749 12.3850119672716 1212.00225279326
31.6553781047102 2.4402137025223 0.00517786257623518 2049.81923212856 18.0825426382944 1187.66228294353
26.7353589175946 2.17233013284499 0.00328275291140685 2017.39447462629 11.8631668062881 1220.17541029378
5.36326851463464 1.29290868699645 -0.00294829490878725 2031.34835184179 16.1765484628268 1219.19951782231
40.8038998668039 2.52932784068225 0.00484441423140106 2021.76418277784 11.6468006302603 1198.04064901998
36.8412000667018 1.90424078847655 -0.000219741952203169 2069.62177304691 33.8801166880876 1218.10375913023
21.9013492833404 1.49357882384358 -0.00314155872569195 2050.35069458815 21.2218818976544 1181.01866705531
24.6380034882369 1.6885955291006 -0.00178898334866358 2060.91792638786 26.9329868862405 1208.93364555223
62.1745778773977 2.89028711981229 0.00617156161477813 2071.89567083982 30.4293009475805 1187.42473322971
18.8637937139353 2.07076870627933 0.00245935279030162 2051.55682652956 20.8986432198435 1236.68893895578
39.953131408966 2.67413916873945 0.00561213889258491 2059.78276364901 22.970782618504 1230.52028285761
30.5451830880539 1.92728774089833 -0.000714136674586712 2056.41719873273 23.9193535316736 1230.20224878027
27.0634421853098 1.70853423810971 -0.00143951291746575 2065.37264616322 30.8526910864748 1229.12388445701
33.6328493344313 1.94660832073349 0.000106748604787587 2024.51639002282 13.9335189736448 1247.16038412308
31.9207382617303 2.44652110454442 0.00493075383385969 2018.98418535618 11.8427327391692 1238.61602776427
47.0006054418541 2.38205881146377 0.00251649114784409 2038.43906500982 16.1798412003554 1251.86747146778
38.5138552966791 2.66821841633884 0.00673190329770909 2050.6853123114 18.8902178453282 1245.51035812986
51.1656796669522 2.73060925268131 0.00629950063012067 2062.45344011881 24.3725379719399 1232.2623860989
34.1000372320164 2.55869389717959 0.00573443304112199 2055.79561418691 20.969083069358 1222.93585915051
33.0831283394585 2.04343896641106 0.00163667423759949 2070.52147432882 34.6427688631229 1237.01836755651
36.854539162822 2.14652841367411 0.00237059745065198 2042.46043033176 17.8349937917665 1257.46489133593
61.3718790500726 3.27382091744208 0.00986156348709132 2062.99839756778 22.8097812877968 1240.41149493091
15.7691615274338 1.62142474857278 -0.000903864628034503 2044.06811700203 19.3757536727935 1239.5378098853
39.2814915651203 2.28761752967134 0.002221355427956 2018.779311619 12.0336828310974 1221.69524426317
35.2431967368671 2.39554120773772 0.0043457454292266 2043.70966611989 17.1533712907694 1235.54333590529
18.455177144623 1.72340851589224 -0.00128417985145643 2034.79531035409 16.5082166343927 1239.76473488201
23.9785198167931 2.31212239695919 0.00363632037570316 2057.23573583108 22.8641968010925 1234.43703433785
39.2426977754797 2.63493815564225 0.00595865189432096 2043.01867374801 17.3911498533562 1296.1751625158
28.00211452747 2.04014592323057 0.00157186429282571 2060.3966484447 26.9939653133042 1284.06914054717
5.77537257551525 1.58610894150908 -0.00124130213021939 2047.36631404166 21.7470817174762 1294.55084886735
32.0506719606729 2.33212445439923 0.00295958321464522 2020.93690231093 12.8739242698066 1271.78186012782
19.1403292705705 1.39671857999913 -0.00386212767150167 2058.99428499094 28.5044776299037 1281.4834504733
49.4808341371633 2.80973943234001 0.00595642236100293 2047.46325880173 18.374178793747 1287.98837577891
25.8133741758733 1.77105225311716 -0.0010498674766681 2024.53709825291 15.0747936707921 1307.34382661164
26.4632478216043 1.81347094895261 -0.000287757636586315 2015.03056001454 13.194960905239 1300.5012301874
13.3525597285343 1.22299488449076 -0.00442516757998875 2053.2409904357 25.720213460736 1293.97502259543
37.3646678410599 2.09127418462509 0.000931724319989591 2065.80758097442 31.3507011067122 1287.6057976889
36.301928155664 2.32461826758673 0.00260172772159703 2041.7916401166 18.079331740737 1303.04216922604
39.5653284532398 2.04497635813947 0.000261912500901711 2064.22730261716 30.2117870794609 1287.08813990859
34.0946738947134 2.33926874510987 0.00381379545943343 2055.03420555638 22.85741396714 1288.42522068613
50.182783667595 2.9478803277668 0.00807027800625691 2063.69193214714 25.9707691287622 1294.22842653864
33.4338838843051 2.13317714533085 0.000843453207262307 2032.43788303179 15.7333051227033 1282.19728798058
54.1467680318167 3.05130083594985 0.00813564347805745 2051.90380660235 19.0300398762338 1277.35206619373
20.9519847304965 1.88667277503084 0.0006664560342638 2053.77658741712 23.683883997146 1288.08241130817
32.3152155336252 2.20481546098631 0.00264268182694542 2061.2150952369 27.6360451849177 1310.84169941308
26.1042004616483 2.14934083359306 0.00273439760439645 2066.74002312939 33.7415467039682 1356.31792954278
18.6747174746987 1.62449346386753 -0.00108995051346528 2025.54792018607 15.7132867979817 1324.70657561496
28.133383701448 1.66861655598867 -0.00251200859307144 2052.5797126859 25.4065556358546 1354.06376336136
44.7783920334167 2.22038434335973 0.00141096111621471 2035.72748592147 17.5124713708647 1357.48572488329
32.6486546961604 2.01668880447192 0.00116963340570791 2025.36593425274 14.8094731522724 1315.14750721614
26.9516398768421 1.88139073210508 -0.000949568137523035 2015.8731448059 13.6547469906509 1330.22301904245
31.9608094632397 2.39142695394592 0.00446025505917588 2046.37782400521 19.7708766465075 1330.52190791923
41.1964822566842 2.52226940066566 0.0044961258798796 2029.99908320839 15.0550289219245 1337.56564808471
26.8960616017395 1.81373941690883 -0.00138481168509995 2020.61335059418 14.557779035531 1327.37356031623
43.6203790925582 2.4924219247123 0.00456476830800187 2047.79983298574 20.3062135865912 1341.18331127461
41.0107061350114 2.35303672616866 0.00290332118792589 2022.60369156487 13.7513537216 1319.93093496984
15.1133751423989 1.54630755406718 -0.00100500179652012 2047.15072891233 22.8095853840932 1353.06570419248
28.6989394580003 1.93387027446422 -0.000164824744443434 2024.32653906127 15.0648386357352 1332.24173228497
47.1880918764164 2.49649650073714 0.00369794647937129 2056.83983827126 24.5059418864548 1333.21569056375
45.9922120677608 2.97292798932942 0.00870067725937319 2060.00953358365 23.8788947719149 1313.12567918432
38.5287666548619 2.45331785301454 0.00485321548187104 2038.6927772006 17.5632714200765 1356.05968771148
30.8645775950164 1.79552602254 -0.000650911553104056 2031.12802236504 16.711311917752 1325.93732203254
57.7595199383375 3.10254826117706 0.00881576423051363 2068.2227823562 30.7330887205899 1348.57722487174
38.2305186999395 2.08934586643565 0.00151201088250386 2044.04300505156 20.8666214859113 1387.1520958993
24.2644919231472 2.34577353604482 0.00564655388236765 2051.9228151578 23.174402480945 1388.26326246501
12.7437807500188 1.58235096234538 -0.00114491315390845 2019.15740429796 15.3166035562754 1388.45469298553
27.1276471051438 2.03230309453865 0.00116294624352137 2039.73587247869 19.4323318451643 1382.44345751191
26.0203911538261 1.66976528775653 -0.00116702512920458 2039.61890045251 20.0129054393619 1367.20858843988
31.0758223199896 1.99725980257339 0.000352102763347775 2025.88440132863 16.0388371930458 1390.91872015601
31.6620212265835 2.07388494006143 0.00145090181255195 2020.9615491163 14.9024122185074 1395.40838287517
48.060431271176 2.59248799135499 0.00457422476396446 2044.47188209742 20.0111694657244 1402.45094994444
36.7080324984951 1.96458781796812 -5.81851557529598e-06 2061.19935301668 30.8162904949859 1392.11006101917
28.803350237865 2.26660356637504 0.00320297139334921 2040.36924326303 19.0252276626416 1383.56987900732
12.4585478161903 1.72923518717538 -0.000450510381223954 2055.16256349417 27.3089605057612 1394.23372876615
42.6670237517372 2.60464386940154 0.00484369795972033 2018.83713120455 13.5500541212969 1394.13153747627
48.060431271176 2.59248799135499 0.00457422476396446 2044.47188209742 20.0111694657244 1402.45094994444
29.7304107171421 2.11689858880057 0.00298982149805618 2066.07945491909 33.8580173347145 1381.10101271885
50.641007586788 2.72911055764755 0.00472571569507708 2053.09369559889 22.6029705046676 1366.21288049161
45.9985745350745 2.3350228222435 0.00205404959651468 2066.63210739358 34.1082369117066 1386.000615664
47.8909135945326 2.90664808796186 0.00691943042327767 2064.71947375382 29.5241492125206 1380.72834294751
39.0574383458177 2.53341546788703 0.00497209304664691 2046.17594611994 20.3035614010878 1380.96618092449
30.5223959401397 2.00023173065432 0.00047949994075828 2057.73708238848 28.5892252484336 1411.64374390234
13.1290724515298 1.20956387257631 -0.00506640162516656 2047.96766370838 25.8627514960244 1431.19095914932
39.8846264722093 2.43606002984813 0.00345921444427294 2053.29117187741 24.6658452344127 1419.93322964726
36.0153522295348 2.16669130555963 0.0013593756320872 2052.45900499355 25.6186797539704 1444.12228623591
39.8400004372285 2.13429807591044 0.00104451635120691 2052.64700447163 25.2310283156112 1415.5061930549
39.0777447915126 2.80866029670747 0.00696607422035409 2035.74354860629 17.1054644999094 1428.7649974185
16.0341287552292 1.98695630247987 0.00166459110895701 2031.50821608165 17.9496322083287 1439.75009863734
25.7388161232901 2.20194276666937 0.00299338083649306 2050.58526317868 24.3669003038667 1445.23190818921
30.7980047990762 1.98826534444677 -0.000484144117705062 2022.48368073022 15.745882447809 1416.00037662953
31.6465361374981 2.16192030075988 0.00156496137674736 2048.04001017311 22.8428003634326 1414.05843421494
25.5424756231076 1.84033843710081 -0.00119542718210927 2049.55014948966 24.6994395181537 1421.74888481536
18.3871246604828 1.46454910260146 -0.00355030436863295 2033.68813382136 19.4481712323613 1411.24730785939
50.6147215092709 2.67064109983798 0.0049353049327389 2050.29694545222 23.0383065203205 1446.68545018083
18.6034894987417 1.78414500629222 -0.00113750419031964 2035.25525435572 19.2317209579051 1415.60485301822
32.4177664664641 1.80213929491736 -0.001438009140376 2043.28343911842 22.3131539672613 1435.67322095346
35.7383125984886 2.27276050038853 0.00316382829618346 2053.65911887283 25.3520570020191 1424.25950797183
46.5883955612267 2.50265615100591 0.00404157744079787 2054.16864501731 24.6437167539261 1408.01158782811
34.5518006321644 2.30335811283626 0.0040113985044598 2060.5564460014 29.3324513733387 1415.39173047046
22.4519209007847 1.97165831884482 0.00213400933641928 2049.44602093473 24.637844695244 1457.64498217614
39.628961028994 2.21249581046472 0.00162819820468452 2020.56126866164 15.373821593821 1453.92385171474
38.9961676758686 2.51041469188946 0.00424441862451582 2053.24367786245 25.652430721093 1480.16571396706
21.4322165707721 1.89080767763232 0.000426594374949043 2020.12665756838 15.9597375104204 1466.82450767639
34.5458310569036 2.25883616408177 0.00268422076295194 2048.60397489276 23.8970379717648 1472.88592533438
45.8222865877786 2.86204042891537 0.00705496464231056 2065.83081850223 33.1111507397145 1466.96971461296
37.0460741470859 2.28430123901579 0.0028018165840799 2044.52496647392 22.1910845045932 1479.09399686243
30.8093094002652 2.08347763193818 0.0017374942343071 2049.83266004105 25.2195467380807 1485.70779765386
20.7826230759601 2.19432298588278 0.0033865267527824 2044.00547536183 21.5982306189835 1452.52064239327
34.481994518073 2.44740360937743 0.00513754810666829 2065.0302069278 33.5956150107086 1455.5349027423
27.8781918359315 2.40232664239042 0.00436546940320386 2044.36897824984 21.3034527166747 1455.92379149629
37.2583675461471 2.2372564522339 0.00249682455499575 2026.51868054154 16.7331847385503 1470.77991043915
24.2263796568067 2.23865457100334 0.00423235688487121 2064.93953115167 34.8668269137852 1475.93925414528
19.5713423140577 1.74021331059449 -1.91416900868857e-05 2054.39668014995 28.2488615857437 1462.12920952335
35.5968112858649 2.49163396665215 0.00428922082648862 2051.78572839824 24.9055474204943 1479.99077017274
28.7887528033196 1.90826012718271 0.000131633371970877 2024.43624144164 16.9706429145299 1474.11301009576
30.3629327234459 1.86041785850233 -0.000547162490229978 2030.93907015491 18.9233538601547 1489.07606178853
30.2217976601576 2.02484259893951 0.00078694709385508 2061.29240029305 32.5358968717046 1467.37936176741
56.1326922218193 3.13925477094927 0.00875626523013145 2056.28993903636 26.6201808257028 1538.78906046044
14.6803056365152 1.49953536531446 -0.00304582879361426 2051.64426668035 29.0873777959496 1535.17421864503
20.243047758648 1.68016101340937 -0.000668197310899778 2040.72543586954 23.0660048802383 1530.56610567193
31.0010023782341 2.10585095715103 0.000742507410249875 2033.79016888142 19.8938520299271 1532.95123078642
45.4769152835238 2.87123910646479 0.00667792234983982 2043.33008919144 20.5652942322195 1499.30275698702
40.5932093340935 2.54504022134331 0.00450510405609808 2062.60325650335 32.9017723933794 1516.45889330729
47.1198764963672 2.40850671237177 0.00321818286392455 2038.03256884729 20.4240813292563 1529.00580491259
48.7200082220124 2.45566986873498 0.00386868189625607 2021.02272372693 16.0416873428039 1539.57653330615
40.9665981608236 2.41103780449228 0.00475037385216651 2048.32660354511 24.1042853705585 1519.9066916291
49.4412980992158 2.82251753603431 0.00713671123504714 2039.02742611035 19.7160165430978 1534.3450077324
25.0931482226806 1.79268631677731 -0.000733023166829361 2058.62267514621 32.4525607889518 1516.93761961178
43.4721518451692 2.27651302787617 0.00160279363997754 2015.63274417398 15.2749697584659 1527.57813961459
42.6416354228071 2.39310111291523 0.00336906680746216 2046.10007425444 22.9153847228736 1498.03111393754
22.9514223110264 2.08466403088605 0.00235943408762638 2061.76116429293 34.3916874169372 1540.0805265273
30.2794752065583 2.30805675717531 0.00318037857195773 2064.19215901592 34.9058895511553 1502.97286817693
3.9388210279404 1.66619246442246 -0.000632538906678687 2038.45847389218 22.1840537525713 1527.43199728656
42.692512151239 2.5570275122542 0.00517699515957516 2061.72841417789 32.2385176690295 1525.76091309017
3.9388210279404 1.66619246442246 -0.000632538906678687 2038.45847389218 22.1840537525713 1527.43199728656
42.9309637704099 2.79721557862894 0.00653971088694707 2056.6419048463 28.7771694385447 1573.22278484211
65.1108107196784 3.65282364066388 0.0123922306087822 2049.81558724516 22.3261929024011 1572.45485818612
10.7597314002881 1.4860702736238 -0.00155354954719483 2019.27256512409 17.9203056637198 1584.39248895634
41.9524031686359 2.65575838056922 0.00609500012050959 2052.661923534 26.7075897683389 1572.52676557657
12.2134219651407 1.4275105518982 -0.00189485272445211 2041.137783407 24.2928984947503 1559.42093898839
16.3612694376034 1.79051921785599 0.000205836628973398 2038.22091492033 22.0912212645635 1545.26821620578
28.5944143976179 1.95479510261378 0.000692656177011631 2031.21082791174 19.7098751459271 1556.15409675179
29.3068956130762 1.83252359013325 -0.000155086682389383 2057.08532439568 31.864524600096 1549.62248873557
25.322195845074 1.61962020845211 -0.00236012280099496 2053.56896601454 30.4852797789499 1560.90422271082
26.1460599731209 2.10836036892343 0.00185980151576863 2035.7869231021 20.6384185841307 1549.11100709649
33.1348293452172 2.3129042487762 0.00292316595624804 2047.91912522539 25.615930291824 1585.85264433486
53.9967379575209 2.50116049985833 0.00294634532020066 2051.86230205325 26.4258339907974 1542.81928186709
40.6851961833556 2.19512814375934 0.00229328961617553 2054.62290690071 29.403439911548 1569.80847199487
23.2105279038121 1.99613918743579 0.0020571484692803 2057.50060941139 32.1152853220701 1578.89401279578
9.49236434516453 1.51487096468909 -0.0017498098167426 2016.04000694421 17.1777884964831 1581.48543063024
26.4900212839903 2.51442266506924 0.00471195967983301 2027.62596984301 17.5732265016995 1556.27120905542
19.5371006255311 1.73964094508334 -0.000702080398190197 2024.82744341274 18.306550513953 1545.1997361487
34.9232619972548 1.95572964929749 2.81156442281576e-05 2027.85695928009 18.6843808647245 1543.71782398943
34.1058536756832 2.27809096551586 0.00333357945755343 2059.62515244214 33.1501086498611 1589.57473601914
59.6284209755552 3.13109743588929 0.00850152771840187 2038.54310765164 19.96887878282 1599.84567129096
38.0257950053723 2.30786485996283 0.00270004217920588 2027.54876619997 19.0021812589839 1626.41825835601
28.1440251836298 2.03068192432617 0.00124003791272866 2028.98662254377 19.7928527742624 1617.30578281595
4.07878804050875 1.18488095648527 -0.00468166037079016 2031.45454894239 22.4279328156263 1623.04924418985
6.23656543958879 1.65063926830816 -0.000717736486968697 2059.02236834145 34.9492510454729 1592.17730750557
22.7356039756919 1.72545599466377 -0.000970379918362163 2031.15056015481 21.2371506518684 1627.91886632684
18.8834851747591 1.63317690128103 -0.000217712883516789 2015.32237145794 16.9817259092815 1599.76597849277
32.9956332477654 2.40481776643327 0.00428445351373069 2060.62836994603 34.3690360337496 1623.6379232717
23.8040676650788 1.9480071288638 0.00121458444521591 2044.07558742259 24.9841598700732 1600.52726847691
36.0179661608549 2.4980121515391 0.00505783094228566 2044.31095185946 23.5761797311716 1598.14103976921
29.0554005815057 2.36485718343651 0.00435864175615108 2056.10465326044 31.057137241587 1630.26001859434
28.5852400111885 1.69110646326098 -0.00138437735866287 2057.34130768897 34.5566070429049 1633.55967197191
23.8408530336802 1.67071683295714 -0.00167140324441559 2046.30413469742 27.5142183201388 1632.77162140874
38.9280017283661 2.52662503427369 0.00495850551277614 2027.75363401067 18.0105270259082 1588.56716919121
41.5774393731332 2.01012348868116 0.000444798634649871 2036.34128907276 22.277318618726 1622.27132549409
43.6410287667667 2.50401333733531 0.00349540391965957 2050.06294696336 26.8466746457852 1615.51297681523
28.1812051478072 1.89398598990674 -0.000667111495227675 2053.48076493386 30.3420521342196 1596.21787414486
36.3649805307023 1.9600399877969 -0.000589191407870983 2041.87343223672 25.4303315794095 1670.05755071773
22.5398725925288 1.49562959729809 -0.00216674072718885 2056.05969254253 34.8539521126077 1665.88914657525
31.1094800225677 1.89598521721045 0.000122000790552394 2049.70569490688 29.0474633942358 1651.37451338587
27.6805538529907 2.02438808130786 0.00110057738053496 2020.2112722015 18.1332837813534 1656.97449351788
42.7690861454381 2.90692156794256 0.00854999598636776 2047.17657798319 24.7625782643445 1658.58625058055
24.0619453152763 1.82537152246853 0.000214385178650758 2023.75115040527 19.1528063756414 1644.41730115073
33.117211145351 2.56958310894272 0.00618404425877291 2045.09418173623 24.6862690337002 1655.66642188049
37.2607124136031 2.35487553128339 0.00370454201537474 2059.25420265296 34.7713682590984 1678.20647180064
37.6581733094264 2.55890264695944 0.00525363082373384 2024.56242933776 17.9051371663809 1643.385730668
42.7971696727276 2.43936123349727 0.00375728188597268 2041.38097805926 23.6620831442997 1657.28526755094
38.9486583237342 2.47980910477086 0.00466205627333981 2029.32005741796 19.5953198499046 1665.61138625834
17.6481083822993 1.93993042601797 0.00135438047284152 2052.98745879508 31.2237578234635 1671.38190715983
17.7493309340074 1.60831397419786 -0.00190040436336373 2030.57216478861 21.4867824013345 1639.3093546591
35.827697798778 1.92487513136917 -1.74205732987798e-05 2029.16387697728 20.4216562700458 1638.95652499642
29.8873877139172 2.56723605474237 0.00623279672214256 2034.23620275059 20.3215730050579 1636.77698942299
35.5998156294094 2.34084867359764 0.00380760744484455 2050.84964747285 28.2338654063642 1648.44255740071
42.4403676843625 2.67813862904039 0.00676459345103022 2028.32632657816 18.9415739290416 1672.77820094708
30.9491038910222 2.19779074315356 0.00278960759980121 2059.08050198853 34.2581710685045 1641.13349042823
4.09257004528534 1.21491208345902 -0.0041043016767878 2052.56556503871 33.9687673514709 1704.05038225709
23.2831276007834 1.77849130771871 -0.00125678746378401 2029.27871561889 21.4597824634984 1686.7149968833
49.9662955014592 2.92297117285681 0.00869643510820377 2038.54719996289 21.8532907799818 1696.11807149807
35.4331345169291 2.32988294889776 0.00230192133504404 2044.5355949162 26.079333727248 1695.57647439867
42.4084560074123 2.58782749568519 0.00550499619998839 2048.92761366232 27.3835832509212 1695.86266606943
48.5414140184957 2.7464657144734 0.00630259806934496 2055.1792610574 31.1772348498926 1716.15146209177
29.1471464808849 2.1818326086579 0.00226998995577175 2035.59275447833 22.7438864554279 1698.94426960784
48.6943467176389 2.65740206533797 0.00534183745642996 2056.86962467409 32.4608541699126 1703.18189247685
34.5756431857007 2.16301434565818 0.00184958315266026 2043.14567104261 26.2573112058453 1722.09032546804
50.3824540226106 2.64444661581482 0.00549490688240881 2050.14708182169 28.3405622141436 1715.76873894731
27.6030614209263 1.85361820437943 0.00021095518433945 2026.4723487366 20.7009890605696 1708.93361118135
28.496409838992 2.06338159118003 0.00179188272487885 2018.75775225647 18.1519837374799 1693.58929802906
31.5180780186649 2.01494315852478 0.00106577298952917 2045.85667946981 27.3921073670499 1692.05437595067
28.496409838992 2.06338159118003 0.00179188272487885 2018.75775225647 18.1519837374799 1693.58929802906
33.5997299022048 2.11275476885051 0.000776143253512487 2053.12610415439 32.0599264721386 1719.48213393254
31.2694537943415 2.10552711200042 0.00139897202974304 2052.23511236068 30.8941434742883 1696.0008071707
26.2444665824541 1.961574190279 0.000933987703470235 2055.20505148522 33.9599903579801 1723.93135260046
14.4891621876868 1.43411833438729 -0.00337949551893034 2022.12344320351 20.3525386657566 1704.74099816272
54.1919192345104 2.89598617607054 0.00626160086329096 2040.13465177477 23.802483305335 1758.37377534912
47.6733094318655 2.62795816582604 0.00430771031744965 2051.18146597454 29.484001758974 1732.31553188185
34.2474772922153 2.06428263906359 0.00111481153241632 2048.53676572535 29.8332261992618 1749.54625369446
27.4756307221162 1.93972569963192 0.000593839638999362 2033.26624364988 23.4392052190378 1762.31565756393
45.6924285823677 2.46947976818345 0.00469825925263568 2015.04391169106 17.1436231839471 1736.29095673745
41.2126872842988 1.9127519249493 -0.000386764654381385 2033.14624369424 23.2038090145215 1739.82963313652
46.1462481725021 2.48277364898224 0.00301875390186149 2020.76052056067 18.9404015685432 1770.23620287454
21.933643165246 2.00274571162229 0.00185344543112053 2023.1805417384 20.0818763836287 1755.92755384681
55.6158917418738 2.74545254353112 0.00550668469577562 2049.48711340758 28.7316553201526 1764.41089402291
42.8124907810466 2.29290005715422 0.00252575965275303 2047.54215857596 28.3824985753745 1735.85493276969
35.3490042172651 2.58854618973318 0.00589097033717896 2057.87204788579 34.8141664895229 1766.74095010044
1.14752945777791 1.44565559895328 -0.00161895907803396 2037.81009819452 25.6961995060556 1731.27697040478
19.0593153483785 2.09157440015426 0.00154357417391442 2030.6110524484 22.0502541074529 1750.00638499443
16.8302887584752 1.72534793440008 -0.00121584204906386 2025.64868020522 21.358924722299 1752.08814159676
21.933643165246 2.00274571162229 0.00185344543112053 2023.1805417384 20.0818763836287 1755.92755384681
43.4141373969986 2.46862991404905 0.00391238884445184 2051.01500331354 29.9603871093132 1741.85917659073
36.3654373356076 2.49236961727515 0.00441768361604805 2024.26643490396 19.3151733628474 1742.96768625645
30.8220991676304 2.1155464060544 0.00135130219289559 2054.98042651871 33.7235751352273 1739.2347248078
40.0239697490116 2.26681115872714 0.00211759979857743 2052.15878649848 32.904441296123 1815.69271565894
18.0819171664134 1.61626568644107 -0.00196416219407474 2038.49302109564 26.4835026836954 1776.79767416527
55.850965130104 2.81959255380064 0.00528376377431716 2031.44346072199 21.4748102612793 1791.18427496553
21.8454112806871 2.28138875353124 0.00420953549931319 2036.72897221195 24.5912327454425 1813.51819422772
10.5701783931679 1.68061692510799 0.000314529369921703 2048.83158622053 32.0248457510024 1808.9239567111
23.7954766080036 2.31362334150325 0.00381957141452126 2049.88272307767 30.6740472582169 1795.39905482079
16.1313488292141 1.61346675594179 -0.00242762429084609 2033.23961659498 24.8619156214409 1804.14432462901
5.703510318933 1.20152787668058 -0.00404333434856724 2038.90256713214 27.8215941763483 1791.67742969428
19.7480391348612 1.83674379290114 0.000824932715188085 2044.74434232758 28.701047252398 1775.34415011478
26.7866142010289 2.04713405553091 0.00210535646078069 2047.30813078629 29.8167229187675 1790.54976519573
37.2640032923221 2.26723729800426 0.00238849137409381 2052.00638604816 31.89697381109 1774.29421674047
18.7740945346659 1.70979480166049 -0.000602750416639751 2053.48521368299 34.5704863686115 1774.79901356075
29.9949717065142 1.9992731535956 0.000164242729013978 2046.68708476191 30.1640733284876 1809.21169905973
24.9307363043561 1.75592579537258 -0.000863046305898405 2045.87897570408 30.444738783408 1817.25170277574
18.1957918523708 1.43948913299567 -0.00346369597868578 2050.1945105833 33.9560926100239 1810.90285256979
43.121393704649 2.28748655228283 0.00195316166395989 2016.6770683038 18.642827346921 1795.79581652746
45.4737282546543 2.78635269380159 0.00642138576675524 2051.1372343991 30.1792915933765 1798.22862087596
45.0161064565859 2.60753249782669 0.00479158725986508 2029.31185151404 21.3434189232066 1803.02112664345
38.6441028516893 2.21225883091326 0.0010223166098627 2028.78648575628 22.4679407686926 1828.40311931868
30.1453492366567 2.50150733772429 0.00507957963121456 2040.27500325325 26.0392082645558 1840.89942007949
54.02094858823 2.78040404910573 0.00491016393918416 2054.59888339019 33.3195573324338 1825.15666032181
33.217754803229 2.41585558559949 0.00420566870167074 2037.99100590381 25.4744633706287 1850.67108822461
30.0452047333802 2.09162755532351 0.0012605742190487 2051.90835813223 33.4734782832675 1827.78130473304
14.0861003580937 1.23636312785935 -0.00513578044016837 2032.25615914795 25.6495592789724 1825.28551142479
39.4086964561695 2.0377606838718 0.000567081670812986 2026.77336048777 22.461718020495 1852.54176839497
34.3874836318538 2.47835970763903 0.00405882495652224 2023.73707279819 20.33613657346 1827.14104852739
19.4575471107328 1.59244141517706 -0.0029555397335551 2035.40801882814 26.4655746542849 1848.01926315493
44.7763650942527 2.21732634824618 0.00200132167622154 2041.78870866843 27.5789085333236 1841.14576579805
31.6031945794733 2.17392156805046 0.00321153406929357 2033.37138117617 24.0953143127263 1845.31040807312
35.3741196895565 1.95687919425805 -0.00058721687757306 2044.32384108473 29.2524423939176 1820.24103266644
22.5264492045708 1.8864395708628 0.000537686448006073 2028.43269245885 22.7335964469239 1819.39005065565
36.2513417955725 1.89373237859123 -0.000654697905069089 2032.37800880498 24.4476709654555 1837.99054328835
28.0734857964639 1.97848838869808 0.00137419521595176 2041.35664475593 28.0244987946935 1850.91884373575
37.9594344360259 2.61009698131699 0.00563240531749785 2048.7775840906 30.4994563944638 1862.69237580214
37.9594344360259 2.61009698131699 0.00563240531749785 2048.7775840906 30.4994563944638 1862.69237580214
53.6315949916922 2.82348078932796 0.00644104445580705 2017.92525920947 18.3617776632309 1834.47353228645
39.160367709265 2.39523491422313 0.00343298050445029 2048.35414810479 31.5466684196144 1892.80891994027
25.3422878363616 1.84509328464213 1.09290295045182e-05 2015.88618484535 20.3188061271794 1893.67813441543
41.1294598845635 2.62626689799029 0.00565489925261705 2053.84382866207 34.316851014737 1886.14543978191
37.8518875386761 2.4576060351139 0.00439916909832839 2020.59301933739 20.343735513743 1891.98939974466
36.7993160894038 2.41453420458775 0.0037892678095782 2046.20759840799 30.3523235628381 1900.70267346877
36.4857706719753 2.27327019798964 0.00361976193255339 2021.18152039382 20.80067550065 1892.14297106965
34.6627262838138 2.11880094942493 0.0020662914803469 2029.96735843504 23.6245871894062 1880.83638206078
19.6917116927651 1.98976401125866 0.00126908585773963 2050.233614953 34.0427698590793 1902.04559500332
47.0898242615076 2.65091019449788 0.00444778376935111 2053.65556158102 34.4146057637408 1891.15108336637
43.5814799932542 2.49822938032022 0.00351938048157036 2048.08381185145 31.383187698666 1903.75407866818
32.824992077746 2.30844493446342 0.00374662013538973 2022.3743797543 20.8235966879874 1873.51544304541
33.1030239291772 2.00584755357195 0.00104865584401104 2041.59985872102 28.8601393369026 1893.36156087144
40.6004278927205 2.48779380848469 0.00449883653661278 2028.34268894349 22.4779526144266 1890.98087901017
37.8518875386761 2.4576060351139 0.00439916909832839 2020.59301933739 20.343735513743 1891.98939974466
43.5312244161949 2.37433558066321 0.00267269627196293 2024.71244846564 21.8152298266068 1898.55767177468
40.7358868831496 2.619628414911 0.00576188376570278 2027.89315538947 22.0765109779313 1894.16357447947
31.9614713755882 2.06452569269618 0.00111483658279073 2033.23797295243 24.9261450278573 1878.37639389073
14.4825361958323 1.49011719271289 -0.00229184240166557 2047.87484926358 33.4379787696525 1875.92850614903
7.13735806322992 1.81115854243657 0.00101523386812724 2039.22358188406 28.5874081216753 1925.66276017461
29.4056021754472 2.05333048061817 0.00131555267178443 2050.97305987403 34.8475301195867 1923.00968947529
17.2468972705908 1.86596481966696 0.0017071990496765 2030.68172586616 24.7531178430654 1914.39028362725
30.0150853684096 2.03130279938684 0.00129541878217105 2029.5729205485 24.287295169197 1922.68147795703
36.5641506718635 2.14562022188114 0.00185148952870891 2020.65923248464 21.6482337238267 1945.10992788933
22.3917080689869 1.74586366099822 -0.00147840226822899 2033.1100040481 26.6448852047324 1946.51381370572
25.9710418092043 2.1778421500792 0.00231236329024025 2040.22308873315 28.4412496048026 1934.10081198412
32.0463602089058 2.155050716479 0.00258416617684495 2025.07052314118 22.4820175813511 1918.16005098714
38.0845247313037 2.27115696460167 0.00329105381328296 2026.4853368469 22.6169177819975 1912.82816545794
45.9562693317406 2.87861293062545 0.00781872548487043 2021.05139209889 20.1593716419302 1934.14669874817
20.1350255329694 1.51459655518796 -0.00369802049285947 2037.77232527081 29.1174482461065 1937.48461047154
26.8544884060393 1.73022230711263 -0.00142431744054448 2030.96937452303 25.7584888511337 1941.17660536271
31.1808077949052 2.09330402177019 0.00143931960668489 2030.33119001426 24.7150246310048 1941.27199423422
44.7683568677436 2.57525116088806 0.00455550986504985 2026.17943165405 22.2145763249137 1929.30633501383
21.1304699403714 2.61710794387472 0.00723495326598971 2046.14291996812 30.0733788427897 1932.01983841472
35.8516007535686 2.44951015321237 0.00431425077104349 2028.75032481202 23.041028927546 1916.81659780306
28.2207753263445 1.91568554475959 -0.000784784371398148 2020.48360847309 22.2574892244302 1955.91029145189
19.6046873191117 2.01997674663944 0.00188425323704578 2030.03631893685 24.5416878047399 1932.21426564546
30.1111583958 2.08955763523582 0.00195443176133693 2048.35583694186 33.5784203629009 1956.76620230934
41.4051908142073 2.65648880828232 0.00672790847182687 2045.88905770914 30.5694136791863 1966.88401959099
15.2039020959515 1.49407034282508 -0.00359089793926077 2042.94857542589 32.1438647946343 1958.12402655905
21.9040695785534 1.91137013207834 0.000265592834011413 2036.25718900654 27.9368480225094 1973.76938629762
16.7041009697624 1.65838002258156 -0.000393374781235843 2031.49042628636 26.2224367377348 1959.5723414247
36.3747845062814 2.39708987024647 0.00511399175800683 2047.87678757193 32.3384038312361 1961.08842181076
48.4884223307946 2.30805967605847 0.00166749360890346 2022.92668973678 22.5061659142375 1977.10313121175
41.4051908142073 2.65648880828232 0.00672790847182687 2045.88905770914 30.5694136791863 1966.88401959099
34.1411934916667 2.31740899024828 0.00281742023920381 2033.68485739455 26.3032704032958 1995.76796848362
26.3102887047181 2.25826917860924 0.0041765422662978 2043.85694247275 30.9798176074401 1994.36439584333
27.3742546972705 2.07805911948844 0.00204550187185641 2034.46724726656 26.8756045168266 1983.35677041489
55.9988488828389 2.87813451066648 0.00704080569225238 2040.0743701756 27.7487004781142 1999.95744387204
15.2039020959515 1.49407034282508 -0.00359089793926077 2042.94857542589 32.1438647946343 1958.12402655905
29.4449305451556 2.19138194783477 0.00240100582559821 2018.73951302329 21.7355096503161 2002.18333443431
21.1783826291659 1.6709574866057 -0.00138402297435739 2026.31609191489 24.8164159269072 1985.97809800006
56.40345209284 2.96526060089266 0.00739045198722139 2046.86235161033 30.2662520110607 1956.53668143685
35.5595915430795 2.31558028549187 0.0017153411076857 2018.66376652545 21.2246534088627 1969.89878138258
19.3389239694921 2.17498898685399 0.00258840568021273 2022.28191144858 22.5974985538051 1991.8521320922
20.3576642524191 1.79540147828175 -0.000367230357143319 2042.6719792441 31.8780527124181 2004.47520288336
40.5674492815688 2.41480178344832 0.003258978982539 2047.81887691352 33.415745049715 2007.96413668836
27.7493833149715 2.05994449929426 0.00212918721931123 2032.18908218644 26.9224509154446 2046.53486683152
31.0086780165428 2.42255063919367 0.00487842897530193 2026.63102956791 24.101356768515 2044.69579886881
21.1916913816024 1.73666298913967 -0.0012372911299567 2040.28046219633 31.3419015170075 2036.72913348811
30.9216940598896 2.21005710751824 0.00164557401039674 2042.54333254625 30.8497438463382 2005.048202037
28.5645331536786 1.83721449461723 0.000701656499840896 2016.90400958806 22.3494891100563 2045.78597776154
1.29662098180536 1.41395917399328 -0.00168848048150529 2020.87825832423 24.0872995951213 2035.4056502609
22.5562460568778 1.92330883449899 0.00105014528936498 2031.76151872426 26.7945474968292 2028.10112812969
45.3698248361436 2.21644031876193 0.00068226615034212 2023.65594782052 23.5580703848973 2024.93844964114
43.0819491543296 2.72263338086367 0.00455316636523026 2028.42348800669 23.9255537418649 2016.64318699405
27.1273262320545 1.99363518853105 0.00177721250325744 2027.84964431543 24.8864295333624 2007.36874892701
2.42934161371378 1.4845450955213 -0.00147545534566545 2040.60295425588 32.040676116012 2041.24782706769
24.5052033568006 2.14143422544698 0.00217723136151545 2045.33315543551 32.9980469099246 2033.2831434319
36.7276213611886 2.09889783732123 0.000918358599123836 2034.08065780997 27.2331897192635 2011.51224595605
34.7834626359235 2.42237613605539 0.00410994930331731 2024.27595609077 23.3028130745515 2035.59049919462
10.7898277319888 1.81070934570521 0.000686808589677191 2030.33780146949 26.3264022441581 2019.83365442487
21.3414480693909 1.49406133577192 -0.00313507478871674 2041.48910153238 32.0643089502119 2003.57213547639
32.8168803710228 2.37035792305671 0.00399450056795086 2031.38224226376 26.4552693488076 2080.29855930477
16.7733421261004 1.63371162821022 -0.00144028737814883 2032.19400364417 28.099628156051 2058.61243552345
39.8142637651262 2.15921514483148 0.00184895116341475 2018.4746540105 22.846581498161 2091.439633942
40.4702188248555 2.80619244243997 0.00882870345006424 2026.75180777698 23.5949277784675 2070.70597379995
9.26496378176112 1.67597369323885 -0.000493734812099536 2026.90165505791 26.2970201810822 2086.40987778501
33.5298916229512 2.11171071144205 0.00135640875719037 2038.18828468164 30.270993898157 2091.7679896811
32.5108706297172 2.08773751427591 0.00208458899637603 2040.42266992433 30.6797982915305 2051.18634387171
29.5781701529342 1.90514462869022 -0.000204900586586815 2036.84545076615 29.7691586217843 2069.13795259263
31.1680069761192 2.01827569610777 0.00105126716925123 2045.48028944945 34.2705391603522 2077.60631522924
25.4435077603595 1.78501200356713 -0.00112573633102761 2026.42886748142 25.9232823760249 2077.82628904272
48.4959385705463 2.62262043693457 0.00484684473912268 2049.77670387481 34.8889090493321 2048.42596753663
18.0938790423427 1.68746409922285 -0.00112064488216805 2037.14957621484 30.7145784166642 2091.32616561696
42.4961490053519 2.53331374364328 0.00522050083225731 2047.85337660159 34.3750084424391 2082.41549975517
31.6269867131474 2.51797787523218 0.00542846196535532 2015.81451186398 21.0515158157796 2062.02915623524
41.2847000503303 2.31943595523712 0.00274095223406695 2037.89310689899 29.5551942451857 2086.71155072747
36.3657075073702 1.93226155850754 0.000523524886287253 2026.3193498163 25.2662677224725 2058.52586356193
30.0020178070719 1.89735390632562 -0.000574978895924259 2016.31055532792 22.4683049274608 2066.07050046333
19.5222126707805 1.44249116918427 -0.00234475503973824 2041.91421330045 33.4251886373386 2069.36420922094
38.5486442567891 2.60660778690773 0.00599813188616509 2029.08219364728 25.4782699071802 2109.51071337371
29.7087716272916 2.23922240485523 0.00331021586486975 2040.16928926366 31.2304828222841 2115.63573543581
38.7083517716301 2.61976206800968 0.00580128870729162 2017.42885106034 21.894398892764 2110.43089967083
30.2216918529341 1.95475670004708 0.00087086064457089 2034.83853842877 29.059346395079 2095.12117792475
26.3882677325831 1.78531749315083 -0.00131418186283782 2018.93634211458 24.0353128314018 2117.72285280896
42.206732977527 2.7497266048637 0.00703738726740492 2027.54745988967 24.9376030312851 2131.0270552379
49.3349942021093 2.52597136150618 0.00444532124532037 2018.8660213633 22.3951597255655 2100.72279560743
22.3366216152944 2.04883087263519 0.00153182466330937 2024.03599169687 24.9793186923489 2113.13503245872
27.4472346361725 1.91799942066784 -0.000484219510021762 2043.9276759841 34.0005352185108 2094.89943298294
34.4567193890746 2.00669900793335 -9.63435000461309e-05 2016.18848931324 23.030322548002 2130.20162064447
24.4826018038599 2.04655509098191 0.0018634840827226 2018.98500262899 23.5541384690441 2125.93836382319
27.4472346361725 1.91799942066784 -0.000484219510021762 2043.9276759841 34.0005352185108 2094.89943298294
26.2211677928474 2.10465928881537 0.00159177676236338 2033.14329003217 28.3690899517387 2118.27238517284
26.3192678356885 2.03539398418466 0.00155534737477227 2035.79610942258 29.5601718500257 2112.30486895078
32.0343402554299 2.37977908691967 0.00405451215071932 2042.41688191681 32.0991460955702 2114.72841373773
5.6033524519879 1.08762383895781 -0.00534569756734204 2033.48606365733 30.9883981267922 2132.5028412912
60.1325395763719 2.94494345045485 0.00638588188085278 2037.74730323278 28.3984998846427 2107.07872017395
25.3265716803837 1.95095141917871 0.00114749158761889 2036.06344802119 29.9521213537082 2118.16294683824
27.7352336383263 2.1250360041743 0.002333540142447 2040.17853561556 32.6470328168944 2181.83169232806
21.2485843577081 1.80226804554729 -0.000803182740406633 2035.11435438856 30.3919560881332 2146.60621754507
39.0169258916408 2.22162550270756 0.00166142450171748 2019.50312872557 24.0604253392667 2170.58148312577
38.8181475065917 2.20362956568468 0.000888012340584925 2035.43586942996 29.8911829153076 2156.47727958946
36.2386031814426 2.49615475302154 0.00395417276768211 2033.62917326577 28.6378936981782 2178.01536535101
19.7432040255571 2.24727218489664 0.00343735081592321 2015.01387212845 22.7812913153321 2184.88241100507
41.618833315106 2.39601634823422 0.00295667992937103 2040.28385771206 32.231609467417 2185.04577145472
28.4261894814093 2.18947154288899 0.00275175472752082 2043.66329798941 34.3383969180286 2172.72147207403
22.414239444291 1.61530618361717 -0.00198354756870821 2034.79488514015 30.7328661461361 2151.58585241211
42.5885804113269 2.48887154303467 0.00419896698888167 2042.71097954828 32.9938325937837 2168.46427347144
35.8023135029254 2.27451764395641 0.00240892527682355 2022.96218753792 24.8508388432674 2158.76850366633
38.414392404228 2.28418213619722 0.00254061758312117 2030.98394754995 27.9757804377005 2176.98046672108
22.414239444291 1.61530618361717 -0.00198354756870821 2034.79488514015 30.7328661461361 2151.58585241211
36.2386031814426 2.49615475302154 0.00395417276768211 2033.62917326577 28.6378936981782 2178.01536535101
14.1038228828875 1.45288799864633 -0.0025729273529789 2015.53670912725 24.1038566827774 2163.16936654631
26.1292840003615 1.77794625999489 -0.00116136805579014 2031.41036086227 28.7386364676058 2140.8377542325
39.0169258916408 2.22162550270756 0.00166142450171748 2019.50312872557 24.0604253392667 2170.58148312577
30.4680649055859 2.13522633204718 0.00273755841412853 2037.52764721867 30.8042097743601 2157.09700227763
32.6193285771702 1.9100542996027 -0.000491584882214191 2016.54597832495 24.4776550470851 2230.32309063853
48.4589064571513 2.80443975073622 0.00789842763402798 2040.35856531607 31.7410788871348 2228.81645175634
20.6576649175307 2.00372939767161 0.00117575245999036 2041.20775238285 34.3629831122234 2228.88021898493
29.9176326378844 2.44223495406474 0.00485801933271755 2021.49093969399 24.834131882526 2227.93398834811
22.0716233715782 2.12518791021817 0.0029240315963645 2021.01917428873 25.2492528199218 2227.19384850652
37.7505512695753 2.320075386548 0.00320245659979951 2030.41454230901 27.9915343876928 2202.22846669413
32.9778695948615 2.16519401749136 0.00127543258425297 2039.44637256628 32.7626206120476 2209.34295213319
41.1569346435448 2.47763467947165 0.00333588570826847 2028.3915952614 26.786372824572 2189.24409460592
22.0716233715782 2.12518791021817 0.0029240315963645 2021.01917428873 25.2492528199218 2227.19384850652
39.3591366403521 2.11587402471609 0.00136439825584943 2018.1823467121 24.2130281892605 2202.19133570164
34.2161939150192 1.93874148552885 0.000600830577361199 2018.98053100286 25.0189321720973 2225.10056205318
24.1976202800433 1.91116429100219 0.000567919471958404 2037.20379389427 32.0262355287559 2206.21795245844
39.3878391470249 2.44367759161525 0.00333680575301309 2031.81622587633 28.2115294155665 2191.29394878678
48.5651943532609 2.61897303380435 0.00502515256435666 2018.40080870804 23.1632655276917 2187.17710607142
35.152678421534 2.11315987823568 0.000934489038817512 2017.49229880422 24.0892069903202 2205.40250349584
41.2632093796485 2.65669604339694 0.00548524716045999 2038.48702808633 30.9012734470889 2204.89550011048
8.79253151313325 1.81496666047848 -0.000491200306440075 2040.71053848229 34.0174566279165 2194.93494957388
15.2479216402024 1.46000984559168 -0.00373973589674829 2027.46125891013 28.5477619990706 2190.64154962772
44.03291977025 2.75762655157655 0.00642860298147922 2018.62104584789 23.7076869490556 2250.06964530781
46.9689196510731 2.4402962378034 0.00285023503417078 2032.85720268963 29.9472468229942 2274.72319245949
18.9589950555374 1.86616133564563 0.000878964098658684 2018.93020981248 25.4861908755265 2258.92902921331
38.4682997603511 2.42956067410784 0.00342121789808003 2027.91588386241 27.7010754588991 2263.71213321268
27.6711289121641 1.88209170528858 4.89471712267158e-05 2025.85899224645 28.0786810582504 2270.33351077678
29.1728684554888 2.07821393314604 0.00115611560141438 2031.63652588241 29.5169994025491 2233.79882720965
50.9253944242073 2.63711866063778 0.00439941431694295 2022.009199074 24.8886115173809 2235.59051245889
27.2883990788222 2.30337901812509 0.00357532116894931 2028.23001930746 27.9419467342086 2260.75812762122
18.8022707291695 1.87046216495637 0.000633150625374776 2015.39788437821 24.4195434520952 2257.42330943875
27.531777000983 2.00468098832047 0.000979692141991842 2036.97586189467 32.2610487486236 2240.55073558218
21.8338325088689 1.91757983732179 0.000312505585063581 2038.26517786877 33.0285895406269 2232.95962336355
31.9225610081713 2.36186129624995 0.00377803621589088 2040.51576699549 33.1341930804774 2233.59444475166
18.1159653536701 1.98095323338138 0.00176812992958743 2028.86446790141 28.7457740888931 2255.31816824451
18.1159653536701 1.98095323338138 0.00176812992958743 2028.86446790141 28.7457740888931 2255.31816824451
23.1777816570752 2.02644736049109 0.00175023385875256 2019.80263038701 25.7053092611022 2276.39456088911
16.7614850047823 1.54678410388684 -0.00211531649793615 2015.58196569211 25.0469966698438 2254.28941908765
70.2738872645451 3.04351136736503 0.00674501619497739 2024.35192236537 25.4054510989226 2273.43978717541
0.850952929857742 1.35213651089158 -0.0026079397722497 2032.3861677323 31.8031867174432 2267.29340497495
11.1104581177679 1.5048886107502 -0.00112214647162303 2034.45926406118 33.0317145702429 2307.55671802839
28.7265768793741 2.1103870234599 0.0012953132242287 2021.34529372165 26.3531101308763 2292.90203178068
30.0981159573582 2.17771238105766 0.00183245030719351 2027.09366257116 28.2283514179289 2288.62410379147
32.4651076004692 2.2121556929962 0.00125482525103902 2036.93611831567 32.6866380195133 2291.34561877792
28.7632164999766 1.96563864444366 0.000582310305994907 2022.44863280212 26.9125365442596 2287.74404035669
51.7250223411081 2.61809620387886 0.00449884886793266 2037.80503242929 32.640389285516 2323.36951557158
22.1756615089142 2.16927565358791 0.00296414141102839 2021.98005716456 26.2779499660246 2287.88070941776
2.82543315217944 1.70068286098417 0.000195484221003272 2032.39856970217 31.4837140985765 2299.78077979714
35.2060968403977 2.60655342609036 0.00569877712121765 2033.87104024342 29.949084171094 2281.04856435418
20.5901651120268 1.35548238353313 -0.00446002744678624 2031.57172938972 31.869704045821 2285.11677894285
42.1427117972716 2.50737111947938 0.00393125656602644 2041.10131986043 34.4795826845802 2309.05781979493
36.4444761627049 1.90603237403178 -0.000943342946374432 2018.3535094792 26.1410471075214 2318.32459164653
28.0466912593796 2.2803844285109 0.00269860617909343 2033.87707133964 31.2461520801298 2313.01577101002
27.07740444504 2.19949346958541 0.00276542379067823 2036.10246660211 32.2589574987069 2300.57512764799
22.5962291993083 1.93338407286513 0.0017413369277007 2040.15421990515 34.9864313635044 2299.31804346436
26.5951077789119 2.06852977719587 0.00124162222418581 2029.43196311942 29.3229379598051 2284.80650068329
43.6888474908378 2.39411046787649 0.00292028861947626 2036.04720689985 32.0522726187482 2309.6854263004
22.8979691425295 2.25409643610547 0.00314949805950645 2038.37153979158 33.3496240107343 2302.74210633839
47.1954623722481 2.85964160649873 0.0067007123016026 2020.5829653691 25.1549199130386 2330.59829263231
35.9932994116997 2.08820810119283 0.00141515932291389 2024.17609859444 28.2117259479128 2357.85005213484
25.9117828642416 2.38644364381779 0.00433482731578361 2029.11238124734 29.3506327341311 2349.58461899875
43.2380476012143 2.93758593801216 0.00839502349327867 2038.47678144556 32.7198091335595 2365.55172663786
45.6314035748253 2.58694246849226 0.00429015601683343 2028.42970638769 28.9508353010751 2360.74512178671
32.1462087729712 2.16525884279363 0.000667664821517859 2024.63596783136 28.0373767623678 2334.20930227335
30.0306961049262 1.88570030523541 0.00133060562856087 2016.33046518359 25.5695654219016 2337.27791423165
65.2806254569017 3.0160515833984 0.00660547423116052 2039.28029266 33.1675268034451 2361.76599865482
47.6487718537358 2.20579506049064 0.00170345440976837 2016.08690922381 25.2968938578852 2355.24423756971
33.989286094057 1.83834107576257 -0.000402415363174196 2020.28675638046 27.2156796324998 2350.46730085082
23.9400722434519 1.85608782852553 0.000274197035466791 2036.45804161229 33.6340596806258 2324.70218273684
23.0724367542945 2.14014753057083 0.00209097194749217 2032.23491660296 31.1286870064214 2338.08962772003
38.8101370723534 2.3634956402048 0.00323720512718191 2018.20798191195 25.5611591762863 2349.708793609
24.7665021203748 1.82266034469088 -0.000101358249966669 2022.40246592299 27.8315914352424 2341.21939153294
25.3158484491472 2.19023192773665 0.00295760884599468 2027.10536428494 28.6568961362354 2328.66045927071
34.0538516087763 2.40516320484288 0.00389327794885 2029.0124868867 28.9721734961495 2324.43181210499
37.5720903141191 2.22239702757947 0.00202061463048086 2037.86404261389 34.0089965984225 2349.56556855532
35.9932994116997 2.08820810119283 0.00141515932291389 2024.17609859444 28.2117259479128 2357.85005213484
20.0247876473334 1.71998351530349 -0.00046133984389507 2017.62969245552 26.8990432401188 2384.45143696391
23.6586012491592 2.1856185523666 0.00234963998940964 2028.56661810912 30.232346537523 2394.60809083477
5.96779358702166 1.39439678800213 -0.00327341330148564 2018.76675554016 28.0065277614631 2391.58690180813
44.6069708427099 2.91675780344331 0.00903771930730419 2027.74261628627 28.0854979902506 2384.32442056823
24.8303390829467 2.07433233025228 0.0027290884907534 2030.43152084085 31.15582912229 2394.00050144052
53.4629279863407 2.76092318466427 0.00490841464979386 2023.86630930426 27.4860875471495 2403.06850876581
28.7998680202601 2.22208703612742 0.00318615194608996 2036.0055598875 33.228994384408 2370.98265836683
14.4765024156938 1.22670494972181 -0.00447343037483346 2033.42943365546 34.633825593628 2396.94986679421
21.2972558697578 2.20291838791525 0.00349858986338494 2032.50925757596 31.8331989133731 2393.22819623082
24.8303390829467 2.07433233025228 0.0027290884907534 2030.43152084085 31.15582912229 2394.00050144052
28.9863754369499 1.99075042433499 -0.000105238634279674 2026.66909384192 30.0406603864394 2401.24721971829
40.2182930771046 2.73925012001707 0.00648299180608393 2018.404769663 25.3784419875592 2390.06577421337
29.5222308386291 1.98295993554972 0.000506866441976493 2029.55891397619 31.0853873868473 2391.53250564927
46.4562379150222 2.22931570048567 0.000129344200375036 2020.64732755092 27.3869912163354 2397.0679228069
20.0247876473334 1.71998351530349 -0.00046133984389507 2017.62969245552 26.8990432401188 2384.45143696391
31.9127829988359 2.39292750581987 0.00385637922659501 2038.79622906027 34.7800094657578 2394.95513779191
38.007921187314 2.30571885996767 0.00252264989074679 2022.32396560535 27.8441016352735 2411.04983154168
44.2233951170021 2.69518524832871 0.00587556903363974 2018.32407126692 25.7547033508308 2414.18682349239
38.0747962716841 2.19126656412875 0.00284489473624276 2025.60348286363 29.2970949457958 2418.64274574725
21.49382661172 1.78409486251906 -0.000892781983536875 2030.18445270089 32.3303153412417 2429.31867226861
23.0138515733458 1.8804853127886 -0.000435359900368212 2021.30649504182 28.5643836040981 2432.83247475275
24.9344810844889 1.77634247986096 -0.000480347959724142 2028.19391599088 31.3397400802933 2424.65582129756
23.4365930892486 1.66226133009893 -0.00159688848704818 2017.09041012079 27.4717833520845 2432.72220457252
27.2036617215994 1.81391970372615 -0.0010649936576495 2023.37592808623 29.3410290405154 2422.16613399357
37.6040715850228 2.61676531596061 0.00573091974813227 2034.70542901522 33.0369580443949 2458.92697198407
50.5888275244237 2.41946366561509 0.0023964164906504 2030.79972333764 31.269134467002 2422.55403810522
14.0418215007288 1.57777224016152 -0.00232888604971748 2015.4964935442 27.4508931231685 2461.17174591936
42.1749764654296 2.36470773559698 0.00307103684215913 2033.05815364164 32.2955119446851 2419.88923012041
33.2051968605673 2.23972256328936 0.00299569883251704 2024.58619409357 29.3916012649424 2461.47466123005
35.5592675296466 2.13524509387907 0.00159277521750539 2015.86137056537 26.4640755974688 2451.32498593591
24.453226957168 2.24425368372852 0.00381580926284603 2019.80739321839 27.0219989377074 2418.10056847741
30.0536913307457 2.06649337968288 0.00153065887266057 2016.16097415797 26.6816097218543 2454.32411705431
26.1928016870483 1.78016404155925 -0.00131882374520381 2016.18435512297 27.2625531791709 2453.81311364607
50.72262797279 2.84897614142696 0.00573650244099564 2026.34246089892 28.5282903839834 2426.37679567502
27.2036617215994 1.81391970372615 -0.0010649936576495 2023.37592808623 29.3410290405154 2422.16613399357
31.4881050847864 1.90247607609558 -0.00060277475107984 2020.18273385963 28.2235529180616 2438.75501903963
34.1501840455625 2.10516986588706 0.000982972485905166 2021.15980248782 28.6502392054535 2476.18831171925
40.5782046587451 2.68586041611836 0.00596809703833077 2027.4797883539 30.1276804087684 2495.22848053011
41.1540514092893 2.51434471964802 0.00344395049104025 2016.8715812224 26.3732220535167 2467.90637278155
43.4646042323321 2.17535651023693 -0.000442715141903487 2032.61180805252 33.4090109937824 2465.80949065487
36.502082063718 2.48167318682558 0.00382043506484555 2016.3433163634 26.6665865341201 2505.74855748929
50.4758841654465 2.74328882167222 0.00556682893785626 2022.61832843604 28.2684767176397 2500.75866570992
20.2760024556035 1.72658819340974 -0.00099060223375781 2027.5143930607 31.7362205847166 2466.14381474733
24.9390939988941 1.84305081342097 -0.000430214889878151 2024.7065160058 30.812651317101 2501.28544587604
18.2421873212108 1.57434581462713 -0.00176278641528887 2021.85297018546 29.7013551834971 2466.16776561277
24.7350290472152 1.74672107882979 -0.000701311071973163 2031.83142080973 33.7096827244386 2467.70410665897
15.2322727428092 1.9637406452614 0.00173504922759527 2029.20163193508 32.1469592652284 2484.47166334692
46.6226278126719 2.84188026650334 0.00679990808114369 2020.89953831374 27.1402554260567 2478.59411770252
15.2322727428092 1.9637406452614 0.00173504922759527 2029.20163193508 32.1469592652284 2484.47166334692
41.0801191753755 2.24482081080706 0.00171901057249832 2035.42152898596 34.8320402461104 2485.91505648163
20.9316297784907 1.80475153562689 0.000100666529275862 2026.45829804731 31.5303706354462 2499.97693899758
59.007031664029 3.0789085633622 0.00690109276721835 2021.15024903696 27.2243598964997 2502.83250367391
34.4108051084638 2.57987629416177 0.00557343756964679 2035.1478448566 33.7429576693103 2485.30521817083
34.0112509361512 2.16270256843144 0.00121793705636509 2029.94933578745 31.9429263845086 2462.41902636527
